   -0.83532
  -0.310907
   0.158687
   0.576493
   0.945466
    1.26849
    1.54836
    1.78781
    1.98949
    2.15598
    2.28979
    2.39333
    2.46896
    2.51897
    2.54553
    2.55079
    2.53679
    2.50551
    2.45884
     2.3986
    2.32655
    2.24435
    2.15361
    2.05583
    1.95248
    1.84492
    1.73443
    1.62226
    1.50952
     1.3973
    1.28659
    1.17831
    1.07328
   0.972296
    0.87603
   0.785103
   0.700054
   0.621348
   0.549373
   0.484443
   0.426796
   0.376595
   0.333926
   0.298801
   0.271156
   0.250851
   0.237672
   0.231329
   0.231455
   0.237609
   0.249274
   0.265859
   0.286694
   0.311038
   0.338071
   0.366899
   0.396553
   0.425987
   0.454081
   0.479639
   0.501389
   0.517984
   0.528001
   0.529943
   0.449092
   0.449637
   0.449655
    0.44924
   0.448482
   0.447466
   0.446274
   0.444981
   0.443657
   0.442369
   0.441179
   0.440142
    0.43931
   0.438731
   0.438447
   0.438494
   0.438906
    0.43971
   0.440929
   0.442582
   0.444681
   0.447235
   0.450248
    0.45372
   0.457643
   0.462008
   0.466799
   0.471997
   0.477575
   0.483504
    0.48975
   0.496273
    0.50303
    0.50997
   0.517041
   0.524183
   0.531334
   0.538425
   0.545383
   0.552131
   0.558586
    0.56466
   0.570262
   0.575294
   0.579656
    0.58324
   0.585934
   0.587624
   0.588188
     0.5875
    0.58543
   0.581842
   0.576597
   0.569549
    0.56055
   0.549444
   0.536071
   0.520269
   0.501869
   0.480695
   0.456571
   0.429313
   0.398733
   0.364637
  -0.192377
  0.0870942
   0.347735
   0.589841
   0.813724
    1.01971
    1.20816
    1.37941
    1.53386
     1.6719
    1.79395
    1.90042
    1.99177
    2.06846
    2.13098
     2.1798
    2.21546
    2.23847
    2.24939
    2.24877
     2.2372
    2.21528
    2.18361
    2.14282
    2.09357
    2.03651
    1.97233
    1.90172
     1.8254
    1.74409
    1.65854
    1.56952
     1.4778
    1.38419
    1.28949
    1.19454
    1.10018
    1.00728
   0.916711
   0.829379
   0.746195
    0.66809
    0.59601
    0.53092
   0.473799
   0.425646
   0.387475
   0.360315
   0.345215
   0.343239
   0.355468
   0.382998
   0.426945
    0.48844
   0.568629
   0.668678
   0.789768
   0.933096
    1.09988
    1.29134
    1.50874
    1.75333
     2.0264
    2.32925
  -0.808373
   0.223562
    1.08189
    1.78139
     2.3363
    2.76037
    3.06686
    3.26849
     3.3775
     3.4056
    3.36401
    3.26344
    3.11408
    2.92563
    2.70727
    2.46768
    2.21503
    1.95699
     1.7007
    1.45283
    1.21951
    1.00638
   0.818554
   0.660668
   0.536828
   0.450641
   0.405206
   0.403114
   0.446449
   0.536789
   0.675203
   0.862253
      1.098
    1.38198
    1.71324
    2.09032
    2.51125
    2.97353
    3.47419
    4.00972
    4.57613
    5.16891
    5.78304
    6.41299
    7.05274
    7.69575
    8.33497
    8.96285
    9.57133
    10.1518
    10.6953
    11.1922
    11.6323
    12.0051
    12.2995
    12.5039
    12.6062
    12.5937
    12.4533
    12.1713
    11.7337
    11.1258
    10.3323
    9.33771
   -2.41193
  -0.166671
    1.79516
    3.49361
    4.94807
    6.17729
    7.19941
    8.03188
    8.69154
     9.1946
    9.55659
    9.79243
    9.91638
    9.94208
    9.88251
    9.75001
    9.55629
     9.3124
    9.02877
    8.71518
    8.38077
    8.03403
    7.68281
    7.33433
    6.99517
    6.67125
    6.36786
    6.08965
    5.84063
    5.62416
    5.44297
    5.29914
    5.19412
    5.12869
    5.10302
    5.11664
     5.1684
    5.25656
    5.37869
    5.53176
    5.71208
    5.91531
    6.13648
    6.36998
    6.60956
    6.84831
     7.0787
    7.29256
    7.48106
    7.63473
    7.74349
    7.79658
    7.78261
    7.68957
    7.50478
    7.21493
    6.80608
    6.26362
    5.57233
    4.71634
    3.67912
    2.44351
   0.991728
  -0.694679
    4.61441
    4.22868
    3.88399
    3.57829
    3.30957
    3.07588
     2.8753
    2.70595
      2.566
    2.45367
     2.3672
    2.30491
    2.26514
    2.24627
    2.24674
    2.26501
    2.29962
    2.34912
    2.41213
    2.48728
    2.57327
    2.66884
    2.77278
     2.8839
    3.00108
    3.12323
    3.24929
    3.37829
    3.50924
    3.64125
    3.77345
      3.905
    4.03513
     4.1631
    4.28821
    4.40981
     4.5273
    4.64011
    4.74772
    4.84966
    4.94549
    5.03482
    5.11732
    5.19267
    5.26063
    5.32097
    5.37352
    5.41817
    5.45482
    5.48345
    5.50404
    5.51665
    5.52138
    5.51835
    5.50775
     5.4898
    5.46477
    5.43296
    5.39474
    5.35049
    5.30067
    5.24574
    5.18626
    5.12277
    4.09648
    4.13982
    4.17179
    4.19347
     4.2059
    4.21008
      4.207
    4.19758
    4.18273
    4.16334
    4.14023
    4.11421
    4.08605
    4.05649
    4.02623
    3.99595
    3.96628
    3.93781
    3.91113
    3.88677
    3.86522
    3.84696
    3.83242
      3.822
    3.81607
    3.81496
    3.81897
    3.82836
    3.84338
    3.86421
    3.89102
    3.92394
    3.96308
    4.00848
    4.06019
     4.1182
    4.18247
    4.25294
    4.32948
    4.41198
    4.50025
    4.59409
    4.69326
    4.79748
    4.90646
    5.01984
    5.13725
     5.2583
    5.38252
    5.50946
    5.63859
    5.76939
    5.90126
     6.0336
    6.16577
    6.29708
    6.42684
    6.55428
    6.67864
     6.7991
    6.91481
     7.0249
    7.12845
    7.22451
    4.17451
    4.53236
    4.87136
    5.19117
    5.49152
    5.77219
      6.033
    6.27385
    6.49466
    6.69542
    6.87616
    7.03698
      7.178
    7.29943
     7.4015
    7.48451
    7.54881
    7.59479
    7.62291
    7.63366
    7.62759
    7.60532
    7.56749
    7.51482
    7.44806
    7.36803
    7.27559
    7.17165
    7.05717
    6.93318
    6.80075
    6.66099
    6.51508
    6.36425
    6.20976
    6.05295
    5.89519
    5.73792
    5.58261
    5.43081
     5.2841
    5.14411
    5.01254
    4.89112
    4.78165
    4.68597
    4.60597
    4.54361
    4.50089
    4.47985
    4.48259
    4.51128
    4.56811
    4.65534
    4.77528
     4.9303
     5.1228
    5.35525
    5.63016
     5.9501
    6.31769
     6.7356
    7.20655
    7.73332
    7.52338
    8.19408
    8.71578
    9.10123
    9.36279
    9.51234
    9.56132
    9.52076
     9.4012
    9.21277
    8.96515
    8.66756
    8.32879
     7.9572
    7.56068
     7.1467
    6.72228
    6.29398
    5.86793
    5.44983
    5.04492
      4.658
    4.29342
    3.95511
    3.64653
    3.37071
    3.13024
    2.92725
    2.76345
    2.64009
    2.55799
    2.51751
    2.51858
    2.56068
    2.64285
    2.76369
    2.92135
    3.11354
    3.33753
    3.59013
    3.86774
    4.16629
    4.48127
    4.80773
    5.14029
     5.4731
    5.79988
    6.11392
    6.40805
    6.67466
     6.9057
    7.09267
    7.22665
    7.29823
    7.29761
    7.21451
    7.03823
     6.7576
    6.36104
     5.8365
    5.17149
     4.3531
    3.36795
    2.20224
    5.51112
    5.23847
    5.00911
    4.81992
    4.66789
    4.55012
    4.46381
    4.40626
    4.37487
    4.36714
    4.38067
    4.41317
    4.46245
    4.52641
    4.60306
    4.69051
    4.78697
    4.89077
     5.0003
     5.1141
    5.23077
    5.34903
    5.46771
    5.58573
    5.70211
    5.81597
    5.92655
    6.03317
    6.13526
    6.23234
    6.32406
    6.41015
    6.49043
    6.56485
    6.63345
    6.69635
    6.75382
    6.80617
    6.85387
    6.89745
    6.93756
    6.97495
    7.01047
    7.04507
    7.07979
     7.1158
    7.15435
     7.1968
    7.24459
     7.2993
    7.36258
     7.4362
    7.52201
    7.62199
     7.7382
     7.8728
    8.02808
    8.20638
     8.4102
     8.6421
    8.90476
    9.20096
    9.53356
    9.90556
    11.6802
    11.4737
    11.2546
    11.0249
    10.7865
    10.5413
    10.2908
    10.0369
    9.78098
    9.52454
    9.26897
    9.01555
     8.7655
    8.51995
    8.27992
    8.04638
     7.8202
    7.60217
    7.39297
    7.19324
    7.00349
    6.82419
    6.65568
    6.49824
    6.35207
    6.21728
    6.09387
     5.9818
    5.88092
    5.79099
    5.71169
    5.64263
    5.58331
    5.53317
    5.49154
    5.45769
     5.4308
    5.40994
    5.39413
    5.38228
    5.37323
    5.36572
    5.35843
    5.34993
    5.33873
    5.32322
    5.30173
    5.27251
    5.23371
    5.18341
    5.11958
    5.04013
    4.94289
    4.82557
    4.68583
    4.52122
    4.32924
    4.10726
     3.8526
    3.56248
    3.23404
    2.86433
    2.45032
     1.9889
    1.87991
     2.1879
    2.46033
    2.69937
    2.90715
    3.08572
     3.2371
    3.36321
    3.46595
    3.54714
    3.60855
    3.65188
    3.67879
    3.69086
    3.68962
    3.67654
    3.65304
    3.62046
     3.5801
    3.53319
    3.48092
    3.42438
    3.36465
    3.30271
    3.23952
    3.17594
     3.1128
    3.05085
    2.99081
    2.93331
    2.87893
    2.82821
    2.78161
    2.73953
    2.70233
    2.67028
    2.64363
    2.62253
     2.6071
     2.5974
    2.59341
    2.59508
    2.60226
    2.61479
    2.63241
    2.65482
    2.68166
    2.71251
     2.7469
    2.78427
    2.82404
    2.86554
    2.90805
    2.95081
    2.99298
    3.03366
     3.0719
     3.1067
    3.13696
    3.16158
    3.17935
    3.18903
    3.18931
    3.17883
    3.64921
    3.98333
    4.25609
    4.47243
    4.63708
    4.75464
    4.82952
    4.86597
    4.86809
    4.83982
     4.7849
    4.70693
    4.60937
    4.49546
    4.36832
    4.23089
    4.08595
    3.93611
    3.78382
    3.63136
    3.48085
    3.33425
    3.19335
    3.05977
    2.93498
    2.82028
     2.7168
    2.62551
    2.54722
    2.48256
    2.43202
     2.3959
    2.37436
    2.36737
    2.37477
    2.39619
    2.43114
    2.47894
    2.53875
    2.60957
    2.69023
    2.77941
    2.87561
    2.97716
    3.08225
    3.18889
    3.29492
    3.39803
    3.49574
     3.5854
     3.6642
    3.72917
    3.77718
    3.80491
     3.8089
    3.78552
    3.73098
    3.64131
     3.5124
    3.33995
    3.11951
    2.84646
    2.51602
    2.12326
     2.0724
    2.04698
    2.02352
    2.00197
    1.98228
    1.96439
    1.94826
    1.93383
    1.92106
    1.90988
    1.90026
    1.89212
    1.88542
    1.88011
    1.87612
    1.87339
    1.87188
    1.87151
    1.87224
      1.874
    1.87673
    1.88037
    1.88486
    1.89013
    1.89612
    1.90277
    1.91001
    1.91778
    1.92601
    1.93462
    1.94357
    1.95276
    1.96215
    1.97165
     1.9812
    1.99072
    2.00014
    2.00939
     2.0184
    2.02709
    2.03538
    2.04321
    2.05049
    2.05715
     2.0631
    2.06828
     2.0726
    2.07598
    2.07834
     2.0796
    2.07967
    2.07848
    2.07594
    2.07197
    2.06648
    2.05938
     2.0506
    2.04003
     2.0276
    2.01322
    1.99679
    1.97823
    1.95745
    1.93434
    1.80176
    1.59619
    1.43031
    1.30038
    1.20281
    1.13416
    1.09113
    1.07057
    1.06946
    1.08493
    1.11425
    1.15485
    1.20427
    1.26023
    1.32057
    1.38329
     1.4465
     1.5085
     1.5677
    1.62266
    1.67209
    1.71484
    1.74991
    1.77643
    1.79367
    1.80107
    1.79819
    1.78474
    1.76057
    1.72569
    1.68022
    1.62445
    1.55881
    1.48387
    1.40034
    1.30908
    1.21109
    1.10751
   0.999625
   0.888869
   0.776813
   0.665174
   0.555812
   0.450729
   0.352072
    0.26213
   0.183338
    0.11827
  0.0696478
  0.0403329
  0.0333323
  0.0517954
  0.0990154
   0.178429
   0.293614
   0.448296
    0.64634
   0.891755
     1.1887
    1.54146
    1.95448
    2.43234
    2.97978
    3.60165
  0.0355837
  0.0355985
  0.0391096
  0.0458096
  0.0553997
  0.0675899
  0.0820991
  0.0986551
   0.116994
   0.136862
   0.158012
   0.180208
   0.203221
   0.226832
    0.25083
   0.275014
    0.29919
   0.323174
   0.346792
   0.369875
   0.392267
   0.413818
   0.434389
   0.453848
   0.472073
   0.488949
   0.504373
   0.518247
   0.530486
   0.541009
   0.549748
   0.556642
   0.561638
   0.564694
   0.565776
   0.564856
    0.56192
   0.556959
   0.549973
   0.540973
   0.529976
   0.517011
   0.502113
   0.485327
   0.466708
   0.446316
   0.424225
   0.400514
   0.375271
   0.348596
   0.320594
    0.29138
    0.26108
   0.229826
   0.197759
   0.165032
   0.131802
  0.0982392
  0.0645195
  0.0308292
-0.00263696
 -0.0356755
 -0.0680739
 -0.0996112
  -0.104143
   0.128949
   0.341695
   0.535174
   0.710437
   0.868505
    1.01037
      1.137
    1.24933
    1.34827
    1.43469
    1.50945
    1.57337
    1.62723
    1.67182
    1.70785
    1.73604
    1.75707
    1.77159
    1.78021
    1.78354
    1.78214
    1.77653
    1.76724
    1.75474
    1.73947
    1.72186
    1.70231
    1.68117
    1.65878
    1.63545
    1.61146
    1.58706
    1.56247
    1.53788
    1.51345
    1.48933
    1.46561
    1.44238
    1.41969
    1.39755
    1.37597
    1.35489
    1.33427
    1.31401
    1.29397
    1.27403
    1.25398
    1.23364
    1.21275
    1.19107
    1.16828
    1.14408
    1.11811
    1.08999
    1.05931
    1.02564
   0.988513
   0.947436
   0.901886
   0.851313
   0.795137
   0.732751
   0.663517
    1.80353
    1.81079
    1.80677
    1.79269
    1.76975
    1.73907
    1.70176
    1.65884
     1.6113
    1.56007
    1.50603
    1.45003
    1.39283
    1.33518
    1.27775
    1.22118
    1.16603
    1.11286
    1.06212
    1.01426
   0.969637
   0.928592
   0.891396
   0.858275
   0.829404
   0.804907
   0.784857
   0.769278
   0.758141
   0.751368
    0.74883
   0.750348
   0.755691
   0.764578
   0.776678
   0.791609
   0.808938
   0.828181
   0.848804
   0.870223
   0.891803
   0.912857
   0.932649
   0.950392
   0.965247
   0.976328
   0.982693
   0.983354
   0.977271
   0.963352
   0.940456
    0.90739
   0.862912
   0.805728
   0.734494
   0.647816
   0.544247
   0.422293
   0.280406
   0.116989
 -0.0696058
  -0.281077
  -0.519173
  -0.785695
    1.60758
    1.55729
    1.51648
     1.4845
     1.4607
    1.44447
    1.43522
    1.43237
    1.43536
    1.44366
    1.45677
    1.47419
    1.49546
    1.52013
    1.54777
    1.57797
    1.61037
    1.64459
    1.68029
    1.71715
    1.75489
    1.79321
    1.83186
    1.87062
    1.90927
    1.94761
    1.98547
    2.02272
    2.05921
    2.09484
    2.12953
    2.16322
    2.19586
    2.22742
    2.25792
    2.28737
    2.31581
     2.3433
    2.36994
    2.39583
    2.42109
    2.44588
    2.47036
    2.49473
     2.5192
      2.544
    2.56939
    2.59565
    2.62306
    2.65196
    2.68268
    2.71559
    2.75106
     2.7895
    2.83134
    2.87702
    2.92701
     2.9818
     3.0419
    3.10785
    3.18019
     3.2595
    3.34637
    3.44143
    3.45941
    3.39888
    3.33725
    3.27481
    3.21187
    3.14871
    3.08559
    3.02277
    2.96049
    2.89899
    2.83849
    2.77917
    2.72123
    2.66486
     2.6102
    2.55742
    2.50664
    2.45799
    2.41157
    2.36749
    2.32583
    2.28665
    2.25001
    2.21596
    2.18451
     2.1557
    2.12952
    2.10595
    2.08498
    2.06657
    2.05067
     2.0372
     2.0261
    2.01728
    2.01062
    2.00601
    2.00333
    2.00242
    2.00312
    2.00527
    2.00869
    2.01316
    2.01849
    2.02445
    2.03079
    2.03727
    2.04363
    2.04958
    2.05484
    2.05909
    2.06202
    2.06331
     2.0626
    2.05953
    2.05374
    2.04484
    2.03243
     2.0161
    1.99543
    1.96997
    1.93928
    1.90288
    1.86031
    1.81107
   0.504965
   0.509354
   0.516091
   0.524947
   0.535696
   0.548121
   0.562014
   0.577174
   0.593405
   0.610523
   0.628349
   0.646711
   0.665446
   0.684399
   0.703421
   0.722372
    0.74112
   0.759538
    0.77751
   0.794925
   0.811681
   0.827684
   0.842845
   0.857087
   0.870336
   0.882528
   0.893608
   0.903525
    0.91224
   0.919716
    0.92593
   0.930862
   0.934501
   0.936844
   0.937895
   0.937667
   0.936179
   0.933458
   0.929539
   0.924464
   0.918284
   0.911057
   0.902847
   0.893727
   0.883779
    0.87309
   0.861757
   0.849882
   0.837576
   0.824959
   0.812157
   0.799304
   0.786541
   0.774017
    0.76189
   0.750323
   0.739488
   0.729567
   0.720745
   0.713217
   0.707186
   0.702863
   0.700465
   0.700218
    2.93935
    2.91583
    2.90095
    2.89401
     2.8943
    2.90115
     2.9139
    2.93192
    2.95461
    2.98135
     3.0116
    3.04479
     3.0804
    3.11793
    3.15688
     3.1968
    3.23723
    3.27777
    3.31799
    3.35754
    3.39604
    3.43317
    3.46859
    3.50203
    3.53319
    3.56184
    3.58774
    3.61068
    3.63046
    3.64693
    3.65992
    3.66933
    3.67503
    3.67695
    3.67503
    3.66921
     3.6595
    3.64587
    3.62836
      3.607
    3.58187
    3.55304
    3.52062
    3.48475
    3.44556
    3.40323
    3.35795
    3.30993
    3.25941
    3.20664
    3.15188
    3.09545
    3.03766
    2.97884
    2.91936
     2.8596
    2.79996
    2.74086
    2.68275
     2.6261
    2.57138
    2.51911
    2.46982
    2.42406
 -0.0181756
   0.197968
   0.401794
   0.593605
   0.773704
   0.942394
    1.09998
    1.24678
    1.38308
    1.50922
    1.62549
    1.73222
    1.82971
     1.9183
    1.99829
    2.07001
    2.13378
    2.18992
    2.23876
    2.28064
    2.31587
     2.3448
    2.36774
    2.38505
    2.39704
    2.40407
    2.40647
    2.40458
    2.39875
    2.38931
    2.37663
    2.36103
    2.34288
    2.32252
    2.30031
    2.27661
    2.25176
    2.22613
    2.20007
    2.17395
    2.14814
    2.12298
    2.09886
    2.07614
    2.05518
    2.03637
    2.02007
    2.00666
    1.99651
       1.99
    1.98752
    1.98944
    1.99615
    2.00802
    2.02546
    2.04884
    2.07855
      2.115
    2.15856
    2.20964
    2.26862
    2.33592
    2.41193
    2.49704
    1.83965
    1.79575
    1.75623
    1.72092
    1.68961
    1.66212
    1.63826
    1.61785
     1.6007
    1.58661
    1.57541
     1.5669
     1.5609
    1.55723
    1.55569
     1.5561
    1.55828
    1.56204
     1.5672
    1.57356
    1.58096
    1.58919
    1.59808
    1.60745
     1.6171
    1.62687
    1.63656
    1.64599
    1.65498
    1.66334
     1.6709
    1.67748
    1.68288
    1.68694
    1.68947
    1.69028
     1.6892
    1.68606
    1.68065
    1.67282
    1.66238
    1.64915
    1.63294
    1.61359
    1.59092
    1.56474
    1.53487
    1.50115
    1.46339
    1.42141
    1.37504
     1.3241
    1.26842
    1.20782
    1.14212
    1.07115
   0.994724
    0.91268
   0.824837
   0.731022
   0.631059
   0.524775
   0.411995
   0.292546
     1.0745
    1.05735
       1.04
    1.02252
    1.00496
   0.987387
   0.969845
   0.952394
   0.935091
   0.917992
   0.901151
   0.884625
   0.868468
   0.852734
    0.83748
   0.822758
   0.808624
   0.795131
   0.782333
   0.770283
   0.759036
   0.748644
   0.739159
   0.730636
   0.723125
    0.71668
   0.711353
   0.707195
   0.704259
   0.702595
   0.702254
   0.703289
   0.705749
   0.709685
   0.715148
   0.722188
   0.730855
   0.741198
   0.753266
   0.767111
   0.782779
   0.800321
   0.819785
   0.841219
   0.864672
   0.890192
   0.917826
   0.947622
   0.979628
    1.01389
    1.05046
    1.08937
    1.13069
    1.17445
    1.22069
    1.26947
    1.32084
    1.37483
    1.43149
    1.49087
    1.55301
    1.61796
    1.68576
    1.75645
     1.0743
    1.04502
    1.01621
    0.98787
   0.959988
   0.932562
   0.905586
   0.879058
   0.852973
   0.827329
   0.802123
   0.777353
   0.753017
   0.729114
   0.705643
   0.682603
   0.659995
   0.637818
   0.616074
   0.594765
    0.57389
   0.553454
   0.533458
   0.513906
     0.4948
   0.476145
   0.457945
   0.440205
   0.422929
   0.406124
   0.389796
   0.373951
   0.358595
   0.343737
   0.329383
   0.315543
   0.302224
   0.289437
   0.277189
   0.265492
   0.254355
   0.243789
   0.233806
   0.224418
   0.215635
   0.207471
   0.199939
   0.193052
   0.186823
   0.181268
     0.1764
   0.172235
   0.168789
   0.166077
   0.164115
   0.162921
   0.162512
   0.162905
   0.164119
   0.166172
   0.169083
   0.172872
   0.177558
   0.183161
   0.711611
   0.697487
   0.684148
   0.671562
   0.659697
   0.648523
   0.638009
   0.628125
    0.61884
   0.610123
   0.601946
   0.594276
   0.587086
   0.580344
   0.574022
   0.568089
   0.562518
   0.557277
   0.552339
   0.547674
   0.543254
    0.53905
   0.535033
   0.531176
    0.52745
   0.523827
    0.52028
   0.516779
   0.513299
   0.509811
   0.506287
   0.502702
   0.499027
   0.495237
   0.491303
     0.4872
   0.482901
   0.478379
   0.473609
   0.468565
    0.46322
   0.457548
   0.451525
   0.445125
   0.438322
   0.431091
   0.423407
   0.415245
   0.406581
   0.397389
   0.387646
   0.377327
   0.366407
   0.354863
   0.342671
   0.329807
   0.316247
   0.301968
   0.286946
   0.271159
   0.254583
   0.237195
   0.218973
   0.199894
   -1.19908
   -1.03169
  -0.874421
  -0.727024
  -0.589245
  -0.460827
  -0.341518
  -0.231061
  -0.129201
 -0.0356821
  0.0497522
   0.127359
   0.197395
   0.260118
   0.315786
   0.364659
   0.406994
   0.443052
   0.473092
   0.497374
   0.516159
   0.529709
   0.538285
   0.542148
   0.541562
   0.536789
   0.528092
   0.515736
   0.499984
   0.481101
   0.459352
   0.435002
   0.408318
   0.379565
    0.34901
   0.316921
   0.283565
    0.24921
   0.214125
   0.178578
   0.142838
   0.107176
  0.0718621
  0.0371661
 0.00335934
 -0.0292867
    -0.0605
 -0.0900084
  -0.117539
  -0.142819
  -0.165574
  -0.185531
  -0.202415
  -0.215951
  -0.225863
  -0.231877
  -0.233715
  -0.231102
   -0.22376
  -0.211411
  -0.193778
  -0.170583
  -0.141546
  -0.106388
   0.416187
   0.411637
   0.408945
   0.408025
   0.408793
   0.411165
   0.415054
   0.420377
   0.427047
   0.434981
   0.444092
   0.454295
   0.465506
   0.477638
   0.490607
   0.504328
   0.518714
    0.53368
   0.549141
   0.565012
   0.581206
   0.597637
   0.614221
   0.630872
   0.647503
   0.664029
   0.680364
   0.696422
   0.712117
   0.727363
   0.742074
   0.756164
   0.769547
   0.782136
   0.793845
   0.804589
    0.81428
   0.822832
    0.83016
   0.836175
   0.840793
   0.843926
   0.845488
   0.845391
   0.843551
   0.839878
   0.834288
   0.826693
   0.817006
    0.80514
   0.791009
   0.774524
   0.755601
    0.73415
   0.710085
   0.683319
   0.653765
   0.621335
   0.585942
   0.547499
   0.505918
   0.461112
   0.412993
   0.361474
   0.572982
   0.549494
    0.52825
   0.509184
   0.492231
   0.477324
   0.464396
   0.453382
   0.444215
    0.43683
    0.43116
   0.427139
   0.424702
   0.423782
   0.424314
   0.426231
    0.42947
   0.433962
   0.439644
   0.446449
   0.454312
   0.463168
    0.47295
   0.483594
   0.495035
   0.507206
   0.520043
   0.533481
   0.547455
   0.561899
   0.576748
   0.591938
   0.607404
    0.62308
   0.638902
   0.654806
   0.670725
   0.686597
   0.702355
   0.717936
   0.733275
   0.748308
   0.762969
   0.777196
   0.790922
   0.804085
    0.81662
   0.828463
   0.839549
   0.849815
   0.859196
   0.867629
    0.87505
   0.881394
   0.886598
   0.890599
   0.893331
   0.894733
    0.89474
   0.893288
   0.890314
   0.885755
   0.879547
   0.871627
   0.299035
   0.332936
   0.363393
   0.390521
   0.414436
   0.435251
   0.453081
   0.468041
   0.480245
    0.48981
   0.496848
   0.501477
   0.503809
   0.503962
    0.50205
   0.498189
   0.492493
   0.485079
   0.476062
   0.465558
   0.453682
    0.44055
   0.426279
   0.410984
   0.394781
   0.377787
   0.360117
   0.341889
   0.323217
    0.30422
   0.285013
   0.265713
   0.246436
     0.2273
   0.208421
   0.189917
   0.171903
   0.154498
   0.137819
   0.121982
   0.107105
  0.0933063
  0.0807021
  0.0694105
   0.059549
  0.0512355
  0.0445876
  0.0397233
  0.0367606
  0.0358174
  0.0370119
  0.0404623
  0.0462868
  0.0546039
  0.0655319
  0.0791893
  0.0956948
   0.115167
   0.137725
   0.163487
   0.192572
   0.225099
   0.261187
   0.300956
    1.78618
    1.79352
    1.80066
    1.80758
    1.81429
    1.82076
      1.827
      1.833
    1.83876
    1.84426
    1.84949
    1.85447
    1.85917
    1.86359
    1.86773
    1.87158
    1.87513
    1.87839
    1.88134
    1.88398
    1.88631
    1.88832
    1.89001
    1.89138
    1.89241
    1.89311
    1.89348
     1.8935
    1.89318
    1.89251
     1.8915
    1.89013
    1.88841
    1.88633
    1.88389
    1.88109
    1.87792
    1.87439
     1.8705
    1.86623
     1.8616
     1.8566
    1.85123
    1.84548
    1.83937
    1.83288
    1.82602
    1.81879
    1.81118
    1.80321
    1.79486
    1.78614
    1.77705
     1.7676
    1.75777
    1.74758
    1.73703
    1.72611
    1.71483
    1.70319
     1.6912
    1.67885
    1.66615
    1.65309
